    A   C   G   T
X  316.0 81.0 183.0 375.0
X  276.0 118.0 159.0 402.0
X  353.0 118.0 110.0 374.0
X  303.0 105.0 121.0 426.0
X  320.0 76.0 190.0 369.0
X  194.0 102.0 154.0 505.0
X  202.0 279.0 122.0 352.0
X  342.0 169.0 99.0 345.0
X  345.0 168.0 119.0 323.0
X  284.0 107.0 203.0 361.0
X  256.0 215.0 168.0 316.0
X  286.0 161.0 109.0 399.0
X  449.0 113.0 103.0 290.0
X  409.0 108.0 106.0 332.0
X  418.0 199.0 88.0 250.0
X  487.0 125.0 94.0 249.0
X  387.0 205.0 77.0 286.0
X  338.0 222.0 103.0 292.0
X  490.0 116.0 119.0 230.0
X  408.0 187.0 97.0 263.0
X  436.0 148.0 85.0 286.0
X  498.0 83.0 125.0 249.0
X  447.0 109.0 107.0 292.0
X  446.0 99.0 76.0 334.0
X  341.0 88.0 119.0 407.0
X  337.0 106.0 138.0 374.0
X  263.0 201.0 213.0 278.0
X  294.0 124.0 308.0 229.0
X  333.0 106.0 150.0 366.0
X  298.0 78.0 119.0 460.0
X  352.0 103.0 87.0 413.0
X  393.0 166.0 131.0 265.0
X  421.0 115.0 100.0 319.0
X  314.0 197.0 158.0 286.0
X  455.0 212.0 86.0 202.0
X  486.0 76.0 102.0 291.0
X  425.0 80.0 119.0 331.0
X  435.0 163.0 95.0 262.0
X  475.0 107.0 107.0 266.0
X  394.0 66.0 96.0 399.0
X  401.0 90.0 197.0 267.0
X  285.0 197.0 204.0 269.0
X  380.0 192.0 99.0 284.0
X  522.0 95.0 114.0 224.0
X  389.0 110.0 159.0 297.0
X  298.0 230.0 203.0 224.0
X  450.0 123.0 116.0 266.0
X  276.0 109.0 124.0 446.0
X  255.0 128.0 152.0 420.0
X  113.0 161.0 235.0 446.0
X  386.0 215.0 199.0 155.0
A  816.0 45.0 45.0 49.0
A  905.0 14.0 19.0 17.0
A  906.0 5.0 24.0 20.0
A  801.0 8.0 22.0 124.0
A  937.0 4.0 5.0 9.0
A  938.0 1.0 1.0 15.0
A  924.0 2.0 8.0 21.0
A  945.0 5.0 2.0 3.0
A  944.0 3.0 2.0 6.0
A  945.0 1.0 7.0 2.0
A  951.0 0.0 0.0 4.0
A  949.0 1.0 1.0 4.0
A  952.0 0.0 2.0 1.0
A  954.0 0.0 0.0 1.0

