    A   C   G   T
X  4590.0 1242.0 1382.0 3590.0
X  4685.0 1146.0 1368.0 3605.0
X  4492.0 1158.0 1404.0 3750.0
X  4516.0 1328.0 1362.0 3598.0
X  4780.0 1222.0 1453.0 3349.0
X  4685.0 1110.0 1225.0 3784.0
X  4741.0 1163.0 1177.0 3723.0
X  4672.0 1137.0 1199.0 3796.0
X  4763.0 1092.0 1144.0 3805.0
X  4680.0 1012.0 1133.0 3979.0
X  4832.0 998.0 1148.0 3826.0
X  5073.0 948.0 1162.0 3621.0
X  4948.0 1104.0 1197.0 3555.0
X  4950.0 881.0 1307.0 3666.0
X  4959.0 944.0 1343.0 3558.0
X  4969.0 916.0 1212.0 3707.0
X  4931.0 922.0 1222.0 3729.0
X  5126.0 949.0 1278.0 3451.0
X  5283.0 963.0 1197.0 3361.0
X  5478.0 1035.0 1190.0 3101.0
X  5523.0 902.0 1175.0 3204.0
X  5367.0 862.0 1305.0 3270.0
X  5575.0 917.0 1304.0 3008.0
X  5491.0 834.0 1275.0 3204.0
X  5574.0 864.0 1250.0 3116.0
X  5450.0 823.0 1367.0 3164.0
X  5374.0 808.0 1442.0 3180.0
X  5424.0 837.0 1167.0 3376.0
X  5444.0 1005.0 1124.0 3231.0
X  5703.0 1086.0 1163.0 2852.0
X  6082.0 1036.0 1099.0 2587.0
X  6127.0 827.0 1159.0 2691.0
X  6483.0 605.0 1157.0 2559.0
X  6565.0 610.0 1036.0 2593.0
X  6931.0 449.0 894.0 2530.0
X  7425.0 439.0 844.0 2096.0
A  7576.0 438.0 676.0 2114.0
A  7910.0 412.0 794.0 1688.0
A  7698.0 557.0 765.0 1784.0
A  7694.0 608.0 693.0 1809.0
X  7264.0 618.0 763.0 2159.0
X  6707.0 691.0 817.0 2589.0
X  6179.0 818.0 878.0 2929.0
X  5746.0 774.0 1027.0 3257.0
X  5390.0 944.0 1147.0 3323.0
X  4944.0 1127.0 1170.0 3563.0
X  4757.0 1118.0 1157.0 3772.0
X  4758.0 1103.0 1231.0 3712.0
X  3816.0 1322.0 1472.0 4194.0
X  1306.0 2510.0 2803.0 4185.0
X  4085.0 2122.0 2196.0 2401.0
A  9601.0 387.0 306.0 510.0
A  10130.0 157.0 210.0 307.0
A  10359.0 106.0 164.0 175.0
A  10543.0 57.0 84.0 120.0
A  10639.0 39.0 54.0 72.0
A  10671.0 29.0 47.0 57.0
A  10703.0 26.0 36.0 39.0
A  10712.0 26.0 26.0 40.0
A  10743.0 13.0 24.0 24.0
A  10726.0 14.0 28.0 36.0
A  10728.0 17.0 30.0 29.0
A  10736.0 13.0 28.0 27.0
A  10729.0 17.0 28.0 30.0
A  10729.0 17.0 27.0 31.0

