    A   C   G   T
X  478.0 166.0 170.0 591.0
X  597.0 158.0 169.0 481.0
X  470.0 132.0 187.0 616.0
X  484.0 147.0 277.0 497.0
X  451.0 167.0 145.0 642.0
X  528.0 169.0 144.0 564.0
X  544.0 197.0 154.0 510.0
X  413.0 150.0 159.0 683.0
X  428.0 139.0 242.0 596.0
X  477.0 255.0 221.0 452.0
X  473.0 123.0 190.0 619.0
X  604.0 130.0 146.0 525.0
X  529.0 171.0 127.0 578.0
X  578.0 216.0 139.0 472.0
X  440.0 144.0 158.0 663.0
X  397.0 106.0 164.0 738.0
X  468.0 108.0 161.0 668.0
X  455.0 125.0 163.0 662.0
X  543.0 181.0 172.0 509.0
X  548.0 157.0 164.0 536.0
X  585.0 122.0 179.0 519.0
X  467.0 164.0 180.0 594.0
X  538.0 158.0 186.0 523.0
X  465.0 123.0 175.0 642.0
X  458.0 121.0 154.0 672.0
X  488.0 119.0 187.0 611.0
X  566.0 105.0 169.0 565.0
X  558.0 92.0 182.0 573.0
X  630.0 118.0 156.0 501.0
X  541.0 203.0 150.0 511.0
X  556.0 79.0 293.0 477.0
X  630.0 93.0 175.0 507.0
X  732.0 79.0 156.0 438.0
X  583.0 125.0 169.0 528.0
X  719.0 97.0 148.0 441.0
X  707.0 64.0 148.0 486.0
X  749.0 66.0 254.0 336.0
X  741.0 187.0 129.0 348.0
X  861.0 84.0 158.0 302.0
X  672.0 202.0 129.0 402.0
X  664.0 218.0 116.0 407.0
X  591.0 102.0 113.0 599.0
X  558.0 128.0 232.0 487.0
X  471.0 158.0 106.0 670.0
X  572.0 174.0 116.0 543.0
X  534.0 202.0 154.0 515.0
X  593.0 178.0 101.0 533.0
X  399.0 139.0 125.0 742.0
X  427.0 176.0 160.0 642.0
X  313.0 267.0 295.0 530.0
X  648.0 208.0 244.0 305.0
A  1107.0 48.0 43.0 207.0
A  1247.0 39.0 26.0 93.0
A  1333.0 19.0 15.0 38.0
A  1243.0 18.0 12.0 132.0
A  1367.0 8.0 6.0 24.0
A  1276.0 6.0 9.0 114.0
A  1381.0 7.0 3.0 14.0
A  1280.0 116.0 4.0 5.0
A  1392.0 4.0 2.0 7.0
A  1286.0 0.0 1.0 118.0
A  1391.0 0.0 5.0 9.0
A  1329.0 5.0 2.0 69.0
A  1390.0 5.0 2.0 8.0
A  1396.0 4.0 1.0 4.0

