    A   C   G   T
X  8066.0 3464.0 3360.0 11478.0
X  7918.0 3565.0 3531.0 11354.0
X  8060.0 3385.0 3665.0 11258.0
X  8323.0 3275.0 3411.0 11359.0
X  8228.0 3505.0 3259.0 11376.0
X  7766.0 3477.0 3364.0 11761.0
X  8157.0 3263.0 3385.0 11563.0
X  8452.0 3213.0 3458.0 11245.0
X  8264.0 3264.0 3549.0 11291.0
X  8527.0 3337.0 3279.0 11225.0
X  8347.0 3391.0 3534.0 11096.0
X  7906.0 3453.0 3576.0 11433.0
X  7914.0 3465.0 3425.0 11564.0
X  8145.0 3449.0 3296.0 11478.0
X  8297.0 3238.0 3607.0 11226.0
X  7900.0 3442.0 3724.0 11302.0
X  8117.0 3192.0 3725.0 11334.0
X  8224.0 3369.0 3455.0 11320.0
X  8520.0 3438.0 3272.0 11138.0
X  8598.0 3288.0 3602.0 10880.0
X  8467.0 3236.0 3608.0 11057.0
X  8643.0 3191.0 3773.0 10761.0
X  8817.0 3207.0 3522.0 10822.0
X  9231.0 3020.0 3414.0 10703.0
X  8873.0 3185.0 3682.0 10628.0
X  8972.0 3497.0 3635.0 10264.0
X  9081.0 3457.0 3615.0 10215.0
X  9285.0 3085.0 3622.0 10376.0
X  9084.0 3049.0 3953.0 10282.0
X  9367.0 3045.0 4323.0 9633.0
X  10758.0 2930.0 3970.0 8710.0
X  12787.0 2570.0 3230.0 7781.0
X  14726.0 1953.0 2448.0 7241.0
X  15660.0 1495.0 1917.0 7296.0
X  16618.0 1010.0 1472.0 7268.0
X  17999.0 807.0 1198.0 6364.0
A  18510.0 805.0 1124.0 5929.0
X  17226.0 1053.0 1517.0 6572.0
X  15526.0 1573.0 1918.0 7351.0
X  13939.0 1990.0 2192.0 8247.0
X  11979.0 2210.0 2591.0 9588.0
X  10370.0 2384.0 2742.0 10872.0
X  9248.0 2771.0 2894.0 11455.0
X  8740.0 3031.0 2910.0 11687.0
X  8875.0 3295.0 2938.0 11260.0
X  8634.0 3612.0 3107.0 11015.0
X  7882.0 3642.0 3148.0 11696.0
X  6982.0 3796.0 3475.0 12115.0
X  5035.0 4289.0 4273.0 12771.0
X  3419.0 6292.0 5201.0 11456.0
X  11053.0 4567.0 3909.0 6839.0
A  22445.0 1139.0 857.0 1927.0
A  24371.0 490.0 598.0 909.0
A  25174.0 295.0 304.0 595.0
A  25640.0 177.0 183.0 368.0
A  25959.0 78.0 96.0 235.0
A  26102.0 63.0 67.0 136.0
A  26153.0 81.0 54.0 80.0
A  26215.0 43.0 41.0 69.0
A  26219.0 30.0 33.0 86.0
A  26245.0 19.0 33.0 71.0
A  26221.0 27.0 37.0 83.0
A  26273.0 33.0 22.0 40.0
A  26274.0 26.0 28.0 40.0
A  26306.0 19.0 21.0 22.0

