    A   C   G   T
X  1359.0 606.0 549.0 1817.0
X  1371.0 550.0 581.0 1829.0
X  1381.0 513.0 626.0 1811.0
X  1409.0 497.0 561.0 1864.0
X  1338.0 548.0 600.0 1845.0
X  1342.0 599.0 616.0 1774.0
X  1394.0 590.0 592.0 1755.0
X  1382.0 516.0 525.0 1908.0
X  1299.0 571.0 539.0 1922.0
X  1325.0 527.0 626.0 1853.0
X  1395.0 484.0 641.0 1811.0
X  1491.0 454.0 598.0 1788.0
X  1499.0 477.0 536.0 1819.0
X  1302.0 506.0 626.0 1897.0
X  1405.0 571.0 633.0 1722.0
X  1448.0 504.0 596.0 1783.0
X  1344.0 433.0 700.0 1854.0
X  1368.0 439.0 596.0 1928.0
X  1393.0 468.0 592.0 1878.0
X  1440.0 502.0 584.0 1805.0
X  1415.0 492.0 587.0 1837.0
X  1392.0 493.0 587.0 1859.0
X  1352.0 543.0 537.0 1899.0
X  1279.0 530.0 645.0 1877.0
X  1192.0 606.0 670.0 1863.0
X  1338.0 604.0 658.0 1731.0
X  1383.0 546.0 659.0 1743.0
X  1530.0 505.0 617.0 1679.0
X  1521.0 450.0 672.0 1688.0
X  1489.0 493.0 683.0 1666.0
X  1443.0 547.0 715.0 1626.0
X  1624.0 484.0 729.0 1494.0
X  1703.0 426.0 742.0 1460.0
X  1917.0 343.0 633.0 1438.0
X  2109.0 250.0 556.0 1416.0
X  2446.0 233.0 556.0 1096.0
X  2689.0 243.0 334.0 1065.0
X  2830.0 201.0 264.0 1036.0
X  2670.0 208.0 284.0 1169.0
X  2424.0 292.0 378.0 1237.0
X  2098.0 373.0 428.0 1432.0
X  2034.0 366.0 470.0 1461.0
X  1716.0 466.0 484.0 1665.0
X  1549.0 491.0 539.0 1752.0
X  1488.0 523.0 561.0 1759.0
X  1324.0 522.0 618.0 1867.0
X  1455.0 552.0 504.0 1820.0
X  1274.0 588.0 516.0 1953.0
X  922.0 728.0 645.0 2036.0
X  502.0 1107.0 991.0 1731.0
X  1757.0 888.0 689.0 997.0
A  3665.0 216.0 193.0 257.0
A  3967.0 116.0 80.0 168.0
A  4139.0 60.0 55.0 77.0
A  4204.0 39.0 44.0 44.0
A  4249.0 28.0 24.0 30.0
A  4284.0 10.0 16.0 21.0
A  4286.0 11.0 20.0 14.0
A  4304.0 3.0 11.0 13.0
A  4306.0 4.0 10.0 11.0
A  4311.0 4.0 10.0 6.0
A  4314.0 5.0 7.0 5.0
A  4310.0 5.0 6.0 10.0
A  4316.0 3.0 5.0 7.0
A  4326.0 0.0 2.0 3.0

