    A   C   G   T
X  506.0 192.0 218.0 700.0
X  553.0 170.0 201.0 692.0
X  543.0 156.0 247.0 670.0
X  457.0 186.0 260.0 713.0
X  460.0 205.0 239.0 712.0
X  525.0 211.0 254.0 626.0
X  496.0 259.0 244.0 617.0
X  555.0 223.0 203.0 635.0
X  457.0 289.0 231.0 639.0
X  511.0 200.0 228.0 677.0
X  529.0 195.0 235.0 657.0
X  493.0 187.0 227.0 709.0
X  558.0 173.0 221.0 664.0
X  485.0 176.0 220.0 735.0
X  446.0 179.0 237.0 754.0
X  505.0 162.0 238.0 711.0
X  421.0 167.0 229.0 799.0
X  481.0 174.0 209.0 752.0
X  486.0 201.0 247.0 682.0
X  430.0 240.0 269.0 677.0
X  457.0 230.0 262.0 667.0
X  447.0 210.0 235.0 724.0
X  439.0 206.0 240.0 731.0
X  427.0 237.0 252.0 700.0
X  439.0 188.0 288.0 701.0
X  492.0 197.0 278.0 649.0
X  454.0 220.0 291.0 651.0
X  543.0 219.0 248.0 606.0
X  610.0 161.0 222.0 623.0
X  522.0 197.0 231.0 666.0
X  538.0 189.0 244.0 645.0
X  641.0 212.0 233.0 530.0
X  647.0 184.0 266.0 519.0
X  704.0 136.0 246.0 530.0
X  710.0 167.0 221.0 518.0
X  823.0 109.0 200.0 484.0
X  878.0 82.0 206.0 450.0
X  864.0 85.0 256.0 411.0
X  857.0 87.0 297.0 375.0
X  825.0 126.0 266.0 399.0
X  711.0 124.0 311.0 470.0
X  559.0 165.0 357.0 535.0
X  477.0 202.0 271.0 666.0
X  470.0 223.0 236.0 687.0
X  539.0 243.0 249.0 585.0
X  479.0 304.0 214.0 619.0
X  447.0 300.0 187.0 682.0
X  388.0 339.0 191.0 698.0
X  328.0 275.0 217.0 796.0
X  231.0 425.0 333.0 627.0
X  729.0 323.0 258.0 306.0
A  1312.0 87.0 76.0 141.0
A  1437.0 32.0 39.0 108.0
A  1539.0 23.0 32.0 22.0
A  1562.0 12.0 21.0 21.0
A  1585.0 6.0 6.0 19.0
A  1590.0 6.0 11.0 9.0
A  1611.0 1.0 2.0 2.0
A  1601.0 2.0 5.0 8.0
A  1611.0 0.0 3.0 2.0
A  1610.0 2.0 2.0 2.0
A  1608.0 1.0 2.0 5.0
A  1608.0 3.0 2.0 3.0
A  1615.0 0.0 0.0 1.0
A  1615.0 1.0 0.0 0.0

