    A   C   G   T
X  1619.0 622.0 734.0 2097.0
X  1512.0 689.0 692.0 2179.0
X  1600.0 682.0 560.0 2230.0
X  1546.0 633.0 633.0 2260.0
X  1584.0 578.0 786.0 2124.0
X  1659.0 600.0 641.0 2172.0
X  1740.0 620.0 757.0 1955.0
X  1758.0 570.0 676.0 2068.0
X  1682.0 572.0 621.0 2197.0
X  1623.0 563.0 615.0 2271.0
X  1598.0 549.0 640.0 2285.0
X  1526.0 570.0 634.0 2342.0
X  1813.0 513.0 627.0 2119.0
X  1694.0 525.0 693.0 2160.0
X  1822.0 500.0 671.0 2079.0
X  1621.0 621.0 691.0 2139.0
X  1798.0 698.0 658.0 1918.0
X  1723.0 623.0 640.0 2086.0
X  1650.0 554.0 743.0 2125.0
X  1787.0 481.0 764.0 2040.0
X  1761.0 486.0 643.0 2182.0
X  1885.0 559.0 626.0 2002.0
X  1553.0 671.0 628.0 2220.0
X  1737.0 659.0 655.0 2021.0
X  1716.0 627.0 638.0 2091.0
X  1775.0 812.0 575.0 1910.0
X  1936.0 668.0 605.0 1863.0
X  1730.0 707.0 655.0 1980.0
X  1746.0 579.0 634.0 2113.0
X  1625.0 611.0 691.0 2145.0
X  1510.0 661.0 770.0 2131.0
X  1555.0 579.0 920.0 2018.0
X  1684.0 550.0 907.0 1931.0
X  2129.0 388.0 723.0 1832.0
X  2333.0 255.0 680.0 1804.0
X  2821.0 181.0 584.0 1486.0
X  2946.0 236.0 446.0 1444.0
X  2948.0 247.0 407.0 1470.0
X  2673.0 236.0 390.0 1773.0
X  2296.0 317.0 407.0 2052.0
X  2094.0 352.0 436.0 2190.0
X  1885.0 416.0 514.0 2257.0
X  1721.0 521.0 520.0 2310.0
X  1535.0 636.0 526.0 2375.0
X  1688.0 595.0 503.0 2286.0
X  1608.0 642.0 527.0 2295.0
X  1616.0 606.0 540.0 2310.0
X  1523.0 670.0 604.0 2275.0
X  1136.0 764.0 617.0 2555.0
X  631.0 1119.0 874.0 2448.0
X  2296.0 822.0 691.0 1263.0
A  4161.0 281.0 155.0 475.0
A  4614.0 154.0 109.0 195.0
A  4823.0 88.0 59.0 102.0
A  4958.0 33.0 29.0 52.0
A  4984.0 30.0 20.0 38.0
A  5007.0 19.0 14.0 32.0
A  5019.0 11.0 19.0 23.0
A  5030.0 8.0 14.0 20.0
A  4958.0 7.0 12.0 95.0
A  5028.0 5.0 9.0 30.0
A  5043.0 9.0 3.0 17.0
A  4982.0 26.0 13.0 51.0
A  5037.0 7.0 14.0 14.0
A  5059.0 3.0 6.0 4.0

