    A   C   G   T
X  271.0 109.0 110.0 475.0
X  328.0 118.0 125.0 394.0
X  323.0 139.0 124.0 379.0
X  329.0 153.0 129.0 354.0
X  321.0 108.0 104.0 432.0
X  283.0 119.0 129.0 434.0
X  283.0 99.0 112.0 471.0
X  289.0 99.0 113.0 464.0
X  273.0 129.0 113.0 450.0
X  315.0 94.0 115.0 441.0
X  307.0 98.0 122.0 438.0
X  268.0 100.0 142.0 455.0
X  288.0 97.0 133.0 447.0
X  294.0 119.0 115.0 437.0
X  353.0 114.0 118.0 380.0
X  346.0 108.0 119.0 392.0
X  301.0 114.0 126.0 424.0
X  298.0 110.0 157.0 400.0
X  334.0 110.0 123.0 398.0
X  284.0 111.0 142.0 428.0
X  270.0 109.0 136.0 450.0
X  265.0 133.0 139.0 428.0
X  318.0 129.0 112.0 406.0
X  293.0 139.0 111.0 422.0
X  277.0 106.0 121.0 461.0
X  303.0 94.0 156.0 412.0
X  328.0 124.0 125.0 388.0
X  285.0 108.0 138.0 434.0
X  263.0 121.0 178.0 403.0
X  284.0 144.0 173.0 364.0
X  339.0 116.0 190.0 320.0
X  343.0 118.0 166.0 338.0
X  391.0 107.0 123.0 344.0
X  442.0 77.0 134.0 312.0
X  450.0 48.0 114.0 353.0
X  438.0 54.0 144.0 329.0
X  463.0 62.0 100.0 340.0
X  452.0 60.0 91.0 362.0
X  430.0 60.0 94.0 381.0
X  413.0 66.0 95.0 391.0
X  328.0 77.0 111.0 449.0
X  294.0 109.0 87.0 475.0
X  264.0 95.0 130.0 476.0
X  324.0 79.0 109.0 453.0
X  313.0 94.0 111.0 447.0
X  309.0 102.0 123.0 431.0
X  276.0 130.0 108.0 451.0
X  276.0 110.0 141.0 438.0
X  192.0 145.0 121.0 507.0
X  95.0 247.0 240.0 383.0
X  379.0 175.0 200.0 211.0
A  802.0 50.0 49.0 64.0
A  903.0 18.0 21.0 23.0
A  926.0 10.0 18.0 11.0
A  939.0 4.0 8.0 14.0
A  948.0 5.0 8.0 4.0
A  940.0 9.0 6.0 10.0
A  950.0 7.0 3.0 5.0
A  953.0 4.0 2.0 6.0
A  955.0 6.0 1.0 3.0
A  959.0 2.0 2.0 2.0
A  956.0 2.0 5.0 2.0
A  960.0 0.0 3.0 2.0
A  958.0 2.0 2.0 3.0
A  963.0 0.0 0.0 2.0

