    A   C   G   T
X  622.0 446.0 411.0 1153.0
X  774.0 260.0 514.0 1084.0
X  715.0 268.0 546.0 1103.0
X  769.0 265.0 394.0 1204.0
X  822.0 210.0 530.0 1070.0
X  756.0 289.0 645.0 942.0
X  876.0 293.0 343.0 1120.0
X  657.0 433.0 337.0 1205.0
X  648.0 256.0 374.0 1354.0
X  815.0 246.0 284.0 1287.0
X  904.0 302.0 260.0 1166.0
X  733.0 339.0 253.0 1307.0
X  950.0 338.0 278.0 1066.0
X  867.0 463.0 270.0 1032.0
X  894.0 312.0 285.0 1141.0
X  976.0 435.0 308.0 913.0
X  1049.0 313.0 266.0 1004.0
X  910.0 323.0 256.0 1143.0
X  782.0 501.0 266.0 1083.0
X  835.0 453.0 298.0 1046.0
X  792.0 332.0 546.0 962.0
X  654.0 458.0 406.0 1114.0
X  710.0 418.0 499.0 1005.0
X  853.0 310.0 608.0 861.0
X  897.0 389.0 305.0 1041.0
X  875.0 190.0 447.0 1120.0
X  718.0 231.0 544.0 1139.0
X  867.0 244.0 551.0 970.0
X  764.0 232.0 600.0 1036.0
X  720.0 433.0 486.0 993.0
X  895.0 276.0 412.0 1049.0
X  867.0 219.0 558.0 988.0
X  810.0 221.0 772.0 829.0
X  820.0 109.0 498.0 1205.0
X  943.0 131.0 530.0 1028.0
X  1116.0 114.0 357.0 1045.0
X  1266.0 94.0 278.0 994.0
X  1282.0 98.0 251.0 1001.0
X  1145.0 110.0 154.0 1223.0
X  989.0 147.0 154.0 1342.0
X  1219.0 171.0 144.0 1098.0
X  1158.0 173.0 183.0 1118.0
X  1121.0 187.0 199.0 1125.0
X  1124.0 243.0 189.0 1076.0
X  896.0 214.0 260.0 1262.0
X  806.0 244.0 289.0 1293.0
X  757.0 274.0 330.0 1271.0
X  617.0 316.0 432.0 1267.0
X  378.0 341.0 474.0 1439.0
X  259.0 480.0 659.0 1234.0
X  1044.0 400.0 554.0 634.0
A  2304.0 85.0 114.0 129.0
A  2454.0 43.0 58.0 77.0
A  2529.0 27.0 23.0 53.0
A  2559.0 17.0 16.0 40.0
A  2584.0 16.0 10.0 22.0
A  2604.0 15.0 4.0 9.0
A  2563.0 45.0 6.0 18.0
A  2619.0 7.0 2.0 4.0
A  2611.0 7.0 1.0 13.0
A  2617.0 4.0 4.0 7.0
A  2612.0 5.0 5.0 10.0
A  2623.0 6.0 0.0 3.0
A  2622.0 1.0 4.0 5.0
A  2622.0 1.0 4.0 5.0

