    A   C   G   T
X  378.0 236.0 293.0 793.0
X  395.0 167.0 276.0 862.0
X  348.0 205.0 338.0 809.0
X  324.0 217.0 280.0 879.0
X  389.0 157.0 307.0 847.0
X  394.0 159.0 220.0 927.0
X  316.0 148.0 267.0 969.0
X  254.0 137.0 324.0 985.0
X  246.0 156.0 322.0 976.0
X  269.0 140.0 310.0 981.0
X  322.0 156.0 241.0 981.0
X  363.0 172.0 240.0 925.0
X  378.0 155.0 206.0 961.0
X  471.0 146.0 241.0 842.0
X  434.0 147.0 248.0 871.0
X  376.0 150.0 322.0 852.0
X  388.0 150.0 353.0 809.0
X  386.0 146.0 288.0 880.0
X  420.0 147.0 240.0 893.0
X  364.0 124.0 226.0 986.0
X  466.0 122.0 214.0 898.0
X  395.0 111.0 260.0 934.0
X  270.0 111.0 238.0 1081.0
X  310.0 131.0 249.0 1010.0
X  347.0 120.0 260.0 973.0
X  302.0 110.0 277.0 1011.0
X  264.0 128.0 307.0 1001.0
X  306.0 118.0 388.0 888.0
X  334.0 200.0 380.0 786.0
X  365.0 178.0 381.0 776.0
X  346.0 194.0 371.0 789.0
X  387.0 161.0 283.0 869.0
X  390.0 147.0 240.0 923.0
X  393.0 130.0 245.0 932.0
X  507.0 125.0 235.0 833.0
X  505.0 117.0 347.0 731.0
X  449.0 109.0 332.0 810.0
X  444.0 147.0 250.0 859.0
X  421.0 162.0 263.0 854.0
X  459.0 155.0 291.0 795.0
X  391.0 132.0 372.0 805.0
X  330.0 151.0 360.0 859.0
X  298.0 171.0 192.0 1039.0
X  374.0 176.0 232.0 918.0
X  414.0 147.0 278.0 861.0
X  322.0 145.0 253.0 980.0
X  362.0 176.0 251.0 911.0
X  322.0 175.0 319.0 884.0
X  359.0 187.0 419.0 735.0
X  229.0 340.0 497.0 634.0
X  684.0 246.0 264.0 506.0
A  1452.0 65.0 60.0 123.0
A  1562.0 33.0 36.0 69.0
A  1630.0 24.0 20.0 26.0
A  1670.0 10.0 10.0 10.0
A  1672.0 9.0 8.0 11.0
A  1685.0 5.0 2.0 8.0
A  1678.0 7.0 7.0 8.0
A  1684.0 1.0 3.0 12.0
A  1688.0 2.0 5.0 5.0
A  1685.0 3.0 5.0 7.0
A  1693.0 2.0 2.0 3.0
A  1690.0 1.0 4.0 5.0
A  1688.0 4.0 5.0 3.0
A  1694.0 2.0 0.0 4.0

