    A   C   G   T
X  2684.0 796.0 1030.0 2165.0
X  2734.0 765.0 1091.0 2085.0
X  2792.0 846.0 970.0 2067.0
X  2843.0 788.0 972.0 2072.0
X  2885.0 794.0 993.0 2003.0
X  2941.0 849.0 769.0 2116.0
X  2924.0 865.0 790.0 2096.0
X  2898.0 787.0 905.0 2085.0
X  2862.0 746.0 828.0 2239.0
X  2955.0 710.0 755.0 2255.0
X  2835.0 722.0 862.0 2256.0
X  2879.0 722.0 842.0 2232.0
X  2825.0 739.0 838.0 2273.0
X  2805.0 729.0 830.0 2311.0
X  2818.0 692.0 857.0 2308.0
X  2888.0 768.0 797.0 2222.0
X  2969.0 700.0 810.0 2196.0
X  3024.0 664.0 827.0 2160.0
X  3224.0 651.0 815.0 1985.0
X  3205.0 713.0 832.0 1925.0
X  3094.0 756.0 823.0 2002.0
X  3178.0 682.0 842.0 1973.0
X  3289.0 663.0 809.0 1914.0
X  3225.0 663.0 824.0 1963.0
X  3227.0 605.0 780.0 2063.0
X  3093.0 617.0 924.0 2041.0
X  3122.0 628.0 887.0 2038.0
X  3222.0 630.0 797.0 2026.0
X  3302.0 640.0 901.0 1832.0
X  3357.0 661.0 919.0 1738.0
X  3674.0 564.0 863.0 1574.0
X  3886.0 468.0 870.0 1451.0
X  3924.0 458.0 769.0 1524.0
X  4002.0 441.0 730.0 1502.0
X  4143.0 413.0 620.0 1499.0
X  4352.0 317.0 590.0 1416.0
X  4580.0 279.0 568.0 1248.0
A  4673.0 342.0 547.0 1113.0
X  4538.0 387.0 629.0 1121.0
X  4582.0 344.0 551.0 1198.0
X  4327.0 481.0 572.0 1295.0
X  3994.0 454.0 584.0 1643.0
X  3789.0 486.0 654.0 1746.0
X  3536.0 489.0 719.0 1931.0
X  3429.0 665.0 645.0 1936.0
X  3138.0 686.0 645.0 2206.0
X  2962.0 824.0 679.0 2210.0
X  2609.0 937.0 800.0 2329.0
X  1921.0 1040.0 975.0 2739.0
X  782.0 1812.0 1636.0 2445.0
X  2417.0 1501.0 1253.0 1504.0
A  5701.0 323.0 288.0 363.0
A  6218.0 96.0 156.0 205.0
A  6389.0 72.0 88.0 126.0
A  6484.0 50.0 52.0 89.0
A  6530.0 46.0 33.0 66.0
A  6549.0 34.0 48.0 44.0
A  6566.0 29.0 43.0 37.0
A  6586.0 20.0 39.0 30.0
A  6623.0 8.0 24.0 20.0
A  6620.0 10.0 15.0 30.0
A  6653.0 2.0 7.0 13.0
A  6654.0 3.0 6.0 12.0
A  6652.0 4.0 7.0 12.0
A  6645.0 7.0 12.0 11.0

