    A   C   G   T
X  286.0 131.0 186.0 381.0
X  313.0 135.0 165.0 371.0
X  325.0 136.0 124.0 399.0
X  338.0 109.0 146.0 391.0
X  332.0 89.0 153.0 410.0
X  353.0 111.0 116.0 404.0
X  304.0 102.0 111.0 467.0
X  318.0 102.0 128.0 436.0
X  307.0 123.0 151.0 403.0
X  316.0 120.0 151.0 397.0
X  319.0 146.0 114.0 405.0
X  335.0 151.0 123.0 375.0
X  260.0 113.0 167.0 444.0
X  275.0 155.0 157.0 397.0
X  334.0 132.0 168.0 350.0
X  364.0 118.0 131.0 371.0
X  290.0 137.0 157.0 400.0
X  317.0 156.0 122.0 389.0
X  358.0 102.0 150.0 374.0
X  293.0 156.0 154.0 381.0
X  289.0 137.0 152.0 406.0
X  363.0 106.0 124.0 391.0
X  383.0 112.0 131.0 358.0
X  308.0 124.0 124.0 428.0
X  362.0 96.0 128.0 398.0
X  407.0 112.0 131.0 334.0
X  338.0 137.0 131.0 378.0
X  346.0 96.0 154.0 388.0
X  346.0 92.0 158.0 388.0
X  354.0 106.0 152.0 372.0
X  401.0 110.0 127.0 346.0
X  409.0 79.0 173.0 323.0
X  448.0 74.0 139.0 323.0
X  468.0 86.0 125.0 305.0
X  456.0 80.0 124.0 324.0
X  499.0 55.0 106.0 324.0
X  516.0 70.0 107.0 291.0
X  534.0 50.0 125.0 275.0
X  523.0 87.0 113.0 261.0
X  516.0 96.0 114.0 258.0
X  507.0 67.0 98.0 312.0
X  466.0 82.0 114.0 322.0
X  370.0 137.0 86.0 391.0
X  383.0 121.0 114.0 366.0
X  370.0 99.0 139.0 376.0
X  331.0 112.0 132.0 409.0
X  334.0 115.0 132.0 403.0
X  333.0 135.0 133.0 383.0
X  233.0 159.0 153.0 439.0
X  111.0 220.0 201.0 452.0
X  381.0 196.0 190.0 217.0
A  800.0 59.0 55.0 70.0
A  910.0 18.0 18.0 38.0
A  909.0 27.0 16.0 32.0
A  956.0 13.0 8.0 7.0
A  964.0 5.0 9.0 6.0
A  973.0 5.0 3.0 3.0
A  968.0 5.0 2.0 9.0
A  978.0 2.0 2.0 2.0
A  976.0 0.0 3.0 5.0
A  978.0 2.0 2.0 2.0
A  974.0 1.0 3.0 6.0
A  980.0 1.0 1.0 2.0
A  978.0 2.0 0.0 4.0
A  984.0 0.0 0.0 0.0

