    A   C   G   T
X  6396.0 3160.0 3243.0 9335.0
X  6345.0 3238.0 3467.0 9084.0
X  6452.0 3099.0 3434.0 9149.0
X  6337.0 2946.0 3211.0 9640.0
X  6555.0 2989.0 3016.0 9574.0
X  6852.0 3013.0 2971.0 9298.0
X  6752.0 2973.0 2945.0 9464.0
X  6816.0 3065.0 2883.0 9370.0
X  6835.0 2805.0 2868.0 9626.0
X  6453.0 2816.0 3077.0 9788.0
X  6400.0 2897.0 3237.0 9600.0
X  6690.0 3072.0 3012.0 9360.0
X  6639.0 2903.0 3083.0 9509.0
X  6458.0 2789.0 2991.0 9896.0
X  6447.0 2909.0 3119.0 9659.0
X  6211.0 2853.0 3242.0 9828.0
X  6594.0 2877.0 3141.0 9522.0
X  6736.0 2943.0 3006.0 9449.0
X  6922.0 2623.0 3138.0 9451.0
X  6814.0 2788.0 3066.0 9466.0
X  6840.0 2995.0 3197.0 9102.0
X  6850.0 3118.0 3187.0 8979.0
X  7020.0 2776.0 3140.0 9198.0
X  6861.0 2564.0 3149.0 9560.0
X  6913.0 2655.0 3181.0 9385.0
X  6838.0 3034.0 3129.0 9133.0
X  7072.0 2926.0 3209.0 8927.0
X  7151.0 2761.0 3283.0 8939.0
X  7045.0 2626.0 3151.0 9312.0
X  7359.0 2712.0 3321.0 8742.0
X  8304.0 2624.0 3435.0 7771.0
X  9841.0 2404.0 3181.0 6708.0
X  11750.0 1806.0 2342.0 6236.0
X  12788.0 1441.0 1661.0 6244.0
X  13782.0 1099.0 1297.0 5956.0
X  14938.0 781.0 1051.0 5364.0
X  15141.0 762.0 970.0 5261.0
X  14889.0 964.0 1266.0 5015.0
X  13487.0 1487.0 1546.0 5614.0
X  11764.0 1817.0 1913.0 6640.0
X  9788.0 1988.0 2417.0 7941.0
X  8801.0 2213.0 2415.0 8705.0
X  7857.0 2481.0 2699.0 9097.0
X  7217.0 2533.0 2757.0 9627.0
X  7306.0 2666.0 2836.0 9326.0
X  7268.0 2917.0 2702.0 9247.0
X  6424.0 3255.0 2757.0 9698.0
X  5773.0 3491.0 2957.0 9913.0
X  4142.0 3606.0 3706.0 10680.0
X  2353.0 5257.0 4362.0 10162.0
X  8816.0 4180.0 3208.0 5930.0
A  18889.0 1011.0 786.0 1448.0
A  20500.0 512.0 395.0 727.0
A  21309.0 218.0 160.0 447.0
A  21571.0 163.0 128.0 272.0
A  21887.0 71.0 51.0 125.0
A  21935.0 57.0 52.0 90.0
A  22024.0 30.0 34.0 46.0
A  22038.0 25.0 29.0 42.0
A  22074.0 19.0 15.0 26.0
A  22052.0 23.0 28.0 31.0
A  22075.0 13.0 15.0 31.0
A  22076.0 16.0 16.0 26.0
A  22090.0 9.0 14.0 21.0
A  22099.0 10.0 8.0 17.0

