    A   C   G   T
X  1231.0 604.0 519.0 1660.0
X  1222.0 539.0 566.0 1687.0
X  1114.0 546.0 668.0 1686.0
X  1168.0 501.0 574.0 1771.0
X  1252.0 497.0 555.0 1710.0
X  1220.0 553.0 495.0 1746.0
X  1255.0 516.0 497.0 1746.0
X  1238.0 540.0 532.0 1704.0
X  1254.0 529.0 573.0 1658.0
X  1221.0 565.0 613.0 1615.0
X  1258.0 488.0 553.0 1715.0
X  1326.0 536.0 526.0 1626.0
X  1240.0 526.0 558.0 1690.0
X  1213.0 471.0 584.0 1746.0
X  1220.0 477.0 551.0 1766.0
X  1178.0 512.0 632.0 1692.0
X  1267.0 491.0 544.0 1712.0
X  1370.0 439.0 502.0 1703.0
X  1290.0 387.0 574.0 1763.0
X  1229.0 455.0 593.0 1737.0
X  1213.0 502.0 580.0 1719.0
X  1277.0 533.0 533.0 1671.0
X  1262.0 486.0 519.0 1747.0
X  1247.0 542.0 536.0 1689.0
X  1348.0 482.0 623.0 1561.0
X  1307.0 473.0 595.0 1639.0
X  1414.0 495.0 492.0 1613.0
X  1370.0 474.0 558.0 1612.0
X  1218.0 504.0 634.0 1658.0
X  1313.0 530.0 642.0 1529.0
X  1281.0 468.0 722.0 1543.0
X  1257.0 577.0 823.0 1357.0
X  1468.0 481.0 657.0 1408.0
X  1708.0 407.0 554.0 1345.0
X  1972.0 258.0 561.0 1223.0
X  2294.0 190.0 405.0 1125.0
X  2512.0 208.0 315.0 979.0
X  2569.0 201.0 288.0 956.0
X  2517.0 219.0 338.0 940.0
X  2286.0 302.0 364.0 1062.0
X  2008.0 353.0 389.0 1264.0
X  1762.0 336.0 470.0 1446.0
X  1519.0 418.0 513.0 1564.0
X  1384.0 477.0 522.0 1631.0
X  1421.0 447.0 509.0 1637.0
X  1408.0 503.0 486.0 1617.0
X  1302.0 527.0 456.0 1729.0
X  1094.0 583.0 516.0 1821.0
X  885.0 628.0 673.0 1828.0
X  497.0 891.0 839.0 1787.0
X  1575.0 711.0 590.0 1138.0
A  3311.0 187.0 160.0 356.0
A  3726.0 81.0 70.0 137.0
A  3780.0 76.0 56.0 102.0
A  3882.0 46.0 12.0 74.0
A  3924.0 12.0 14.0 64.0
A  3953.0 16.0 9.0 36.0
A  3969.0 24.0 7.0 14.0
A  3980.0 5.0 6.0 23.0
A  3996.0 6.0 3.0 9.0
A  3990.0 21.0 1.0 2.0
A  4000.0 5.0 3.0 6.0
A  3990.0 0.0 3.0 21.0
A  4006.0 2.0 3.0 3.0
A  4003.0 5.0 1.0 5.0

