    A   C   G   T
X  386.0 152.0 227.0 396.0
X  388.0 108.0 235.0 430.0
X  425.0 129.0 139.0 468.0
X  329.0 128.0 140.0 564.0
X  303.0 117.0 208.0 533.0
X  323.0 153.0 210.0 475.0
X  327.0 158.0 151.0 525.0
X  318.0 158.0 121.0 564.0
X  317.0 199.0 179.0 466.0
X  335.0 243.0 170.0 413.0
X  392.0 131.0 148.0 490.0
X  282.0 140.0 150.0 589.0
X  307.0 168.0 114.0 572.0
X  377.0 124.0 145.0 515.0
X  289.0 141.0 142.0 589.0
X  281.0 154.0 136.0 590.0
X  309.0 113.0 147.0 592.0
X  395.0 120.0 187.0 459.0
X  423.0 140.0 118.0 480.0
X  370.0 136.0 142.0 513.0
X  346.0 139.0 119.0 557.0
X  350.0 224.0 121.0 466.0
X  406.0 250.0 114.0 391.0
X  450.0 217.0 127.0 367.0
X  420.0 225.0 132.0 384.0
X  453.0 141.0 181.0 386.0
X  427.0 107.0 190.0 437.0
X  394.0 145.0 157.0 465.0
X  444.0 125.0 141.0 451.0
X  339.0 125.0 134.0 563.0
X  300.0 102.0 172.0 587.0
X  309.0 125.0 281.0 446.0
X  390.0 117.0 319.0 335.0
X  471.0 94.0 271.0 325.0
X  580.0 74.0 106.0 401.0
X  589.0 94.0 83.0 395.0
X  748.0 98.0 63.0 252.0
X  762.0 157.0 74.0 168.0
X  617.0 238.0 60.0 246.0
X  453.0 283.0 81.0 344.0
X  415.0 173.0 132.0 441.0
X  366.0 213.0 153.0 429.0
X  315.0 270.0 116.0 460.0
X  341.0 188.0 144.0 488.0
X  384.0 128.0 205.0 444.0
X  403.0 174.0 182.0 402.0
X  427.0 152.0 206.0 376.0
X  380.0 155.0 181.0 445.0
X  193.0 189.0 213.0 566.0
X  132.0 279.0 323.0 427.0
X  476.0 235.0 150.0 300.0
A  949.0 55.0 68.0 89.0
A  1056.0 33.0 36.0 36.0
A  1089.0 25.0 17.0 30.0
A  1134.0 10.0 3.0 14.0
A  1147.0 9.0 0.0 5.0
A  1147.0 6.0 4.0 4.0
A  1157.0 0.0 3.0 1.0
A  1155.0 4.0 1.0 1.0
A  1157.0 0.0 2.0 2.0
A  1160.0 1.0 0.0 0.0
A  1161.0 0.0 0.0 0.0
A  1159.0 0.0 1.0 1.0
A  1160.0 0.0 0.0 1.0
A  1160.0 0.0 1.0 0.0

