    A   C   G   T
X  928.0 429.0 467.0 1368.0
X  922.0 469.0 436.0 1365.0
X  980.0 449.0 423.0 1340.0
X  934.0 455.0 408.0 1395.0
X  895.0 454.0 418.0 1425.0
X  918.0 405.0 485.0 1384.0
X  948.0 455.0 472.0 1317.0
X  891.0 440.0 520.0 1341.0
X  873.0 436.0 502.0 1381.0
X  981.0 417.0 491.0 1303.0
X  931.0 477.0 498.0 1286.0
X  957.0 430.0 471.0 1334.0
X  921.0 394.0 492.0 1385.0
X  938.0 414.0 440.0 1400.0
X  870.0 407.0 495.0 1420.0
X  813.0 511.0 537.0 1331.0
X  931.0 459.0 467.0 1335.0
X  934.0 462.0 496.0 1300.0
X  969.0 403.0 490.0 1330.0
X  924.0 421.0 517.0 1330.0
X  1061.0 462.0 443.0 1226.0
X  1101.0 454.0 399.0 1238.0
X  1067.0 443.0 439.0 1243.0
X  990.0 490.0 435.0 1277.0
X  957.0 445.0 415.0 1375.0
X  1027.0 461.0 427.0 1277.0
X  977.0 470.0 487.0 1258.0
X  996.0 452.0 430.0 1314.0
X  997.0 439.0 463.0 1293.0
X  1030.0 404.0 510.0 1248.0
X  973.0 386.0 575.0 1258.0
X  1047.0 364.0 600.0 1181.0
X  1092.0 332.0 571.0 1197.0
X  1278.0 322.0 475.0 1117.0
X  1480.0 259.0 369.0 1084.0
X  1684.0 187.0 290.0 1031.0
X  1805.0 127.0 231.0 1029.0
X  1829.0 129.0 203.0 1031.0
X  1668.0 161.0 247.0 1116.0
X  1487.0 164.0 303.0 1238.0
X  1272.0 227.0 314.0 1379.0
X  1144.0 264.0 320.0 1464.0
X  1028.0 291.0 345.0 1528.0
X  945.0 340.0 360.0 1547.0
X  906.0 355.0 369.0 1562.0
X  965.0 397.0 430.0 1400.0
X  928.0 459.0 417.0 1388.0
X  887.0 449.0 415.0 1441.0
X  614.0 495.0 573.0 1510.0
X  315.0 744.0 647.0 1486.0
X  1218.0 556.0 547.0 871.0
A  2696.0 162.0 114.0 220.0
A  2921.0 83.0 64.0 124.0
A  3012.0 58.0 55.0 67.0
A  3118.0 19.0 24.0 31.0
A  3139.0 13.0 9.0 31.0
A  3161.0 4.0 12.0 15.0
A  3169.0 9.0 5.0 9.0
A  3175.0 8.0 2.0 7.0
A  3174.0 1.0 11.0 6.0
A  3183.0 6.0 1.0 2.0
A  3186.0 3.0 1.0 2.0
A  3177.0 0.0 10.0 5.0
A  3186.0 0.0 2.0 4.0
A  3183.0 1.0 2.0 6.0

