    A   C   G   T
X  366.0 143.0 156.0 603.0
X  344.0 173.0 161.0 590.0
X  336.0 173.0 189.0 570.0
X  359.0 192.0 176.0 541.0
X  420.0 146.0 158.0 544.0
X  365.0 162.0 192.0 549.0
X  344.0 168.0 175.0 581.0
X  375.0 138.0 228.0 527.0
X  354.0 165.0 226.0 523.0
X  334.0 166.0 210.0 558.0
X  350.0 170.0 159.0 589.0
X  400.0 167.0 195.0 506.0
X  449.0 175.0 172.0 472.0
X  414.0 145.0 159.0 550.0
X  403.0 141.0 190.0 534.0
X  385.0 144.0 169.0 570.0
X  357.0 136.0 194.0 581.0
X  392.0 141.0 204.0 531.0
X  421.0 111.0 190.0 546.0
X  340.0 156.0 205.0 567.0
X  384.0 152.0 217.0 515.0
X  369.0 138.0 213.0 548.0
X  358.0 171.0 189.0 550.0
X  384.0 158.0 202.0 524.0
X  435.0 153.0 185.0 495.0
X  426.0 171.0 199.0 472.0
X  432.0 157.0 209.0 470.0
X  406.0 197.0 164.0 501.0
X  424.0 166.0 158.0 520.0
X  413.0 161.0 197.0 497.0
X  407.0 163.0 196.0 502.0
X  444.0 173.0 201.0 450.0
X  475.0 151.0 178.0 464.0
X  541.0 121.0 213.0 393.0
X  566.0 100.0 183.0 419.0
X  653.0 67.0 183.0 365.0
X  671.0 81.0 240.0 276.0
X  711.0 85.0 209.0 263.0
X  548.0 102.0 306.0 312.0
X  557.0 85.0 258.0 368.0
X  492.0 110.0 236.0 430.0
X  460.0 154.0 217.0 437.0
X  394.0 143.0 205.0 526.0
X  382.0 159.0 151.0 576.0
X  368.0 175.0 148.0 577.0
X  353.0 215.0 133.0 567.0
X  346.0 216.0 144.0 562.0
X  345.0 192.0 182.0 549.0
X  239.0 262.0 210.0 557.0
X  96.0 346.0 303.0 523.0
X  474.0 228.0 278.0 288.0
A  1071.0 55.0 46.0 96.0
A  1185.0 25.0 23.0 35.0
A  1217.0 10.0 15.0 26.0
A  1243.0 8.0 8.0 9.0
A  1254.0 2.0 2.0 10.0
A  1258.0 3.0 3.0 4.0
A  1258.0 4.0 2.0 4.0
A  1262.0 0.0 4.0 2.0
A  1266.0 0.0 0.0 2.0
A  1266.0 1.0 0.0 1.0
A  1265.0 1.0 0.0 2.0
A  1265.0 0.0 2.0 1.0
A  1265.0 2.0 1.0 0.0
A  1268.0 0.0 0.0 0.0

