    A   C   G   T
X  351.0 204.0 225.0 521.0
X  382.0 119.0 291.0 509.0
X  498.0 109.0 240.0 454.0
X  488.0 135.0 211.0 467.0
X  417.0 158.0 235.0 491.0
X  340.0 153.0 203.0 605.0
X  377.0 142.0 287.0 495.0
X  459.0 104.0 243.0 495.0
X  374.0 100.0 232.0 595.0
X  442.0 86.0 189.0 584.0
X  528.0 151.0 168.0 454.0
X  401.0 219.0 203.0 478.0
X  316.0 121.0 398.0 466.0
X  330.0 166.0 257.0 548.0
X  290.0 156.0 221.0 634.0
X  372.0 114.0 197.0 618.0
X  359.0 168.0 250.0 524.0
X  411.0 191.0 236.0 463.0
X  526.0 180.0 167.0 428.0
X  332.0 229.0 207.0 533.0
X  333.0 276.0 247.0 445.0
X  404.0 222.0 209.0 466.0
X  517.0 114.0 148.0 522.0
X  376.0 139.0 199.0 587.0
X  329.0 195.0 284.0 493.0
X  361.0 240.0 256.0 444.0
X  485.0 152.0 233.0 431.0
X  384.0 180.0 261.0 476.0
X  378.0 222.0 151.0 550.0
X  401.0 183.0 238.0 479.0
X  486.0 120.0 157.0 538.0
X  562.0 158.0 146.0 435.0
X  554.0 181.0 199.0 367.0
X  504.0 230.0 171.0 396.0
X  648.0 56.0 148.0 449.0
X  541.0 34.0 195.0 531.0
X  627.0 59.0 116.0 499.0
X  788.0 79.0 120.0 314.0
X  762.0 73.0 68.0 398.0
X  755.0 101.0 99.0 346.0
X  645.0 115.0 96.0 445.0
X  409.0 146.0 145.0 601.0
X  470.0 115.0 213.0 503.0
X  539.0 130.0 131.0 501.0
X  541.0 121.0 142.0 497.0
X  601.0 146.0 138.0 416.0
X  538.0 189.0 166.0 408.0
X  406.0 249.0 171.0 475.0
X  379.0 138.0 201.0 583.0
X  125.0 257.0 243.0 676.0
X  483.0 216.0 227.0 375.0
A  1138.0 57.0 37.0 69.0
A  1231.0 17.0 21.0 32.0
A  1233.0 38.0 8.0 22.0
A  1261.0 24.0 4.0 12.0
A  1253.0 4.0 10.0 34.0
A  1285.0 3.0 6.0 7.0
A  1293.0 4.0 1.0 3.0
A  1294.0 2.0 2.0 3.0
A  1290.0 3.0 3.0 5.0
A  1298.0 2.0 1.0 0.0
A  1294.0 1.0 3.0 3.0
A  1298.0 0.0 0.0 3.0
A  1300.0 0.0 0.0 1.0
A  1301.0 0.0 0.0 0.0

