    A   C   G   T
X  262.0 143.0 94.0 609.0
X  475.0 141.0 94.0 398.0
X  270.0 391.0 101.0 346.0
X  241.0 406.0 110.0 351.0
X  556.0 151.0 77.0 324.0
X  367.0 72.0 97.0 572.0
X  271.0 71.0 72.0 694.0
X  286.0 54.0 99.0 669.0
X  554.0 66.0 96.0 392.0
X  618.0 77.0 113.0 300.0
X  334.0 86.0 128.0 560.0
X  273.0 92.0 98.0 645.0
X  545.0 93.0 108.0 362.0
X  565.0 87.0 187.0 269.0
X  330.0 77.0 371.0 330.0
X  262.0 134.0 162.0 550.0
X  521.0 122.0 101.0 364.0
X  356.0 77.0 333.0 342.0
X  556.0 104.0 133.0 315.0
X  365.0 351.0 66.0 326.0
X  245.0 143.0 75.0 645.0
X  296.0 103.0 117.0 592.0
X  618.0 53.0 108.0 329.0
X  628.0 66.0 112.0 302.0
X  408.0 91.0 100.0 509.0
X  619.0 81.0 108.0 300.0
X  597.0 99.0 123.0 289.0
X  336.0 117.0 369.0 286.0
X  295.0 350.0 192.0 271.0
X  550.0 152.0 100.0 306.0
X  328.0 86.0 83.0 611.0
X  259.0 70.0 138.0 641.0
X  272.0 147.0 113.0 576.0
X  511.0 108.0 110.0 379.0
X  367.0 110.0 130.0 501.0
X  262.0 107.0 391.0 348.0
X  316.0 319.0 191.0 282.0
X  399.0 122.0 101.0 486.0
X  676.0 59.0 99.0 274.0
X  424.0 61.0 339.0 284.0
X  531.0 55.0 211.0 311.0
X  340.0 103.0 116.0 549.0
X  444.0 101.0 118.0 445.0
X  316.0 109.0 107.0 576.0
X  250.0 165.0 345.0 348.0
X  250.0 416.0 154.0 288.0
X  256.0 212.0 82.0 558.0
X  552.0 129.0 94.0 333.0
X  304.0 437.0 86.0 281.0
X  167.0 511.0 135.0 295.0
X  612.0 197.0 100.0 199.0
A  971.0 63.0 23.0 51.0
X  758.0 276.0 14.0 60.0
A  1054.0 20.0 21.0 13.0
A  1072.0 9.0 8.0 19.0
A  1094.0 2.0 6.0 6.0
A  1099.0 1.0 2.0 6.0
A  1097.0 2.0 3.0 6.0
A  1103.0 0.0 3.0 2.0
A  1101.0 2.0 4.0 1.0
A  1098.0 1.0 3.0 6.0
A  1101.0 1.0 4.0 2.0
A  1104.0 0.0 3.0 1.0
A  1107.0 0.0 1.0 0.0
A  1100.0 1.0 6.0 1.0

