    A   C   G   T
X  519.0 263.0 233.0 1072.0
X  514.0 361.0 272.0 940.0
X  478.0 399.0 209.0 1001.0
X  498.0 315.0 210.0 1064.0
X  375.0 230.0 204.0 1278.0
X  392.0 253.0 249.0 1193.0
X  495.0 239.0 250.0 1103.0
X  410.0 253.0 342.0 1082.0
X  394.0 238.0 266.0 1189.0
X  349.0 185.0 297.0 1256.0
X  375.0 186.0 281.0 1245.0
X  405.0 166.0 249.0 1267.0
X  420.0 158.0 286.0 1223.0
X  480.0 141.0 257.0 1209.0
X  379.0 167.0 329.0 1212.0
X  446.0 160.0 359.0 1122.0
X  405.0 160.0 314.0 1208.0
X  342.0 160.0 306.0 1279.0
X  397.0 197.0 258.0 1235.0
X  547.0 190.0 274.0 1076.0
X  493.0 192.0 330.0 1072.0
X  483.0 219.0 353.0 1032.0
X  529.0 172.0 330.0 1056.0
X  616.0 186.0 288.0 997.0
X  616.0 156.0 307.0 1008.0
X  408.0 268.0 241.0 1170.0
X  363.0 317.0 267.0 1140.0
X  354.0 205.0 259.0 1269.0
X  371.0 165.0 229.0 1322.0
X  485.0 158.0 252.0 1192.0
X  460.0 183.0 274.0 1170.0
X  566.0 204.0 309.0 1008.0
X  524.0 165.0 441.0 957.0
X  519.0 123.0 468.0 977.0
X  575.0 100.0 321.0 1091.0
X  622.0 114.0 278.0 1073.0
X  645.0 125.0 262.0 1055.0
X  739.0 120.0 233.0 995.0
X  729.0 157.0 239.0 962.0
X  690.0 193.0 227.0 977.0
X  659.0 189.0 215.0 1024.0
X  578.0 181.0 276.0 1052.0
X  461.0 127.0 339.0 1160.0
X  488.0 172.0 286.0 1141.0
X  482.0 208.0 231.0 1166.0
X  471.0 236.0 209.0 1171.0
X  502.0 186.0 274.0 1125.0
X  556.0 235.0 272.0 1024.0
X  377.0 230.0 311.0 1169.0
X  193.0 399.0 360.0 1135.0
X  769.0 331.0 285.0 702.0
A  1771.0 60.0 82.0 174.0
A  1873.0 46.0 43.0 125.0
A  1996.0 36.0 25.0 30.0
A  2047.0 5.0 14.0 21.0
A  2046.0 7.0 8.0 26.0
A  2072.0 4.0 6.0 5.0
A  2071.0 5.0 2.0 9.0
A  2075.0 2.0 4.0 6.0
A  2077.0 2.0 2.0 6.0
A  2072.0 3.0 4.0 8.0
A  2079.0 0.0 4.0 4.0
A  2074.0 4.0 2.0 7.0
A  2081.0 2.0 1.0 3.0
A  2075.0 4.0 2.0 6.0

